0.0 193.0 3.0 
0.0 9.0 151.0 0.0 
0.0 3.0 155.0 2.0 
0.0 14.0 151.0 0.0 
0.0 126.0 23.0 
0.0 120.0 35.0 0.0 
0.0 1.0 126.0 19.0 
0.0 42.0 90.0 1.0 
0.0 3.0 174.0 1.0 
0.0 92.0 54.0 
0.0 102.0 42.0 
0.0 21.0 139.0 0.0 
0.0 110.0 42.0 
0.0 121.0 25.0 
0.0 183.0 4.0 
0.0 174.0 6.0 
0.0 55.0 66.0 
0.0 169.0 13.0 
0.0 83.0 50.0 0.0 
0.0 122.0 22.0 
0.0 92.0 54.0 
0.0 38.0 95.0 
0.0 23.0 113.0 0.0 
0.0 172.0 8.0 
0.0 158.0 11.0 
0.0 129.0 25.0 0.0 
0.0 51.0 93.0 0.0 
0.0 123.0 22.0 
0.0 3.0 192.0 0.0 
0.0 84.0 43.0 0.0 
0.0 42.0 88.0 0.0 
0.0 69.0 61.0 
0.0 55.0 78.0 
0.0 29.0 116.0 0.0 
0.0 58.0 74.0 
0.0 92.0 54.0 
