1.0 27.0 8.0 
1.0 6.0 27.0 2.0 
1.0 3.0 25.0 7.0 
1.0 8.0 24.0 3.0 
1.0 21.0 14.0 
1.0 19.0 15.0 1.0 
1.0 2.0 21.0 12.0 
1.0 10.0 22.0 3.0 
1.0 3.0 26.0 6.0 
1.0 16.0 19.0 
1.0 17.0 18.0 
1.0 7.0 26.0 2.0 
1.0 19.0 16.0 
1.0 21.0 14.0 
1.0 26.0 9.0 
1.0 24.0 11.0 
1.0 13.0 22.0 
1.0 24.0 11.0 
1.0 15.0 19.0 1.0 
1.0 21.0 14.0 
1.0 16.0 19.0 
1.0 11.0 24.0 
1.0 9.0 22.0 4.0 
1.0 25.0 10.0 
1.0 24.0 11.0 
1.0 21.0 13.0 1.0 
1.0 13.0 19.0 3.0 
1.0 20.0 15.0 
1.0 3.0 26.0 6.0 
1.0 15.0 19.0 1.0 
1.0 11.0 23.0 1.0 
1.0 18.0 17.0 
1.0 14.0 21.0 
1.0 9.0 23.0 3.0 
1.0 13.0 22.0 
1.0 16.0 19.0 
