1.0 5.875 0.0 
1.0 3.185185185185185 9.0 0.0 
1.0 2.56 6.142857142857143 0.0 
1.0 3.375 5.333333333333333 0.0 
1.0 7.142857142857143 0.0 
1.0 6.266666666666667 2.0 0.0 
1.0 1.4761904761904763 7.583333333333333 0.0 
1.0 5.2727272727272725 3.6666666666666665 0.0 
1.0 2.0384615384615383 6.0 0.0 
1.0 5.684210526315789 0.0 
1.0 6.055555555555555 0.0 
1.0 3.769230769230769 2.5 0.0 
1.0 6.1875 0.0 
1.0 7.357142857142857 0.0 
1.0 6.333333333333333 0.0 
1.0 6.0 0.0 
1.0 6.181818181818182 0.0 
1.0 5.818181818181818 0.0 
1.0 6.315789473684211 2.0 0.0 
1.0 7.5 0.0 
1.0 5.684210526315789 0.0 
1.0 5.25 0.0 
1.0 5.0 3.75 0.0 
1.0 6.5 0.0 
1.0 7.0 0.0 
1.0 7.153846153846154 2.0 0.0 
1.0 5.526315789473684 2.6666666666666665 0.0 
1.0 7.0 0.0 
1.0 1.4615384615384615 5.666666666666667 0.0 
1.0 6.631578947368421 2.0 0.0 
1.0 5.521739130434782 2.0 0.0 
1.0 7.176470588235294 0.0 
1.0 5.857142857142857 0.0 
1.0 4.565217391304348 3.6666666666666665 0.0 
1.0 5.681818181818182 0.0 
1.0 5.684210526315789 0.0 
