15.0 5.2 0.16666666666666666 0.0 
11.0 6.181818181818182 0.5652173913043478 0.0 
20.0 2.8 0.3157894736842105 0.0 
17.0 3.823529411764706 0.3333333333333333 0.0 
9.0 6.555555555555555 1.0454545454545454 0.0 
13.0 6.3076923076923075 0.3333333333333333 0.0 
14.0 4.714285714285714 0.4090909090909091 0.0 
10.0 5.8 1.0909090909090908 0.0 
4.0 9.0 1.625 0.0 
7.0 9.0 0.4074074074074074 0.0 
16.0 4.5625 0.19047619047619047 0.0 
11.0 6.7272727272727275 0.4782608695652174 0.0 
5.0 6.2 1.9090909090909092 0.16666666666666666 0.0 
18.0 3.2777777777777777 0.5263157894736842 0.0 
22.0 2.227272727272727 0.11764705882352941 0.0 
1.0 17.0 3.4705882352941178 0.5263157894736842 0.0 
13.0 6.230769230769231 0.375 0.0 
8.0 7.125 0.7727272727272727 0.0 
18.0 3.388888888888889 0.25 0.0 
0.0 
2.0 12.5 2.4 0.11764705882352941 0.0 
17.0 3.8823529411764706 0.5789473684210527 0.0 
8.0 6.625 1.75 0.08333333333333333 0.0 
9.0 6.777777777777778 0.52 0.0 
0.0 
0.0 
3.0 5.333333333333333 4.666666666666667 0.3157894736842105 0.0 
4.0 7.25 1.5833333333333333 0.6666666666666666 0.0 
15.0 4.533333333333333 0.4 0.0 
4.0 3.25 5.666666666666667 0.42105263157894735 0.0 
0.0 
4.0 3.25 5.666666666666667 0.42105263157894735 0.0 
12.0 5.166666666666667 0.6666666666666666 0.0 
3.0 6.0 3.9411764705882355 0.8666666666666667 0.0 
1.0 11.0 5.636363636363637 0.6666666666666666 0.0 
13.0 4.6923076923076925 0.6190476190476191 0.0 
9.0 6.777777777777778 0.52 0.0 
11.0 6.0 0.5909090909090909 0.0 
3.0 3.3333333333333335 8.555555555555555 0.7142857142857143 0.0 
1.0 7.0 7.428571428571429 1.0 0.0 
4.0 11.75 0.8846153846153846 0.0 
0.0 
8.0 6.5 1.0 0.0 
5.0 3.0 5.538461538461538 0.47058823529411764 0.0 
11.0 6.545454545454546 0.28 0.0 
8.0 8.625 0.8636363636363636 0.0 
1.0 12.0 5.083333333333333 0.6190476190476191 0.0 
